,id,label,skips,rewards,20,40,60,80,100,max,rank
0,5,"[1, 1, 2, 3, 2, 0, 1, 2, 3, 3, 3, 1, 2, 0, 3]","{0: [1], 1: [0, 0], 2: [0, 0, 0], 3: [1, 0, 0, 0]}","[0.258582884321492, 0.2622420221851996, 0.24079694348960193, 0.2980722933598883, 0.2927654939811637]",0.258582884321492,0.2622420221851996,0.24079694348960193,0.2980722933598883,0.2927654939811637,80,"(30.0, 82.0, 96.0, 46.0, 50.0)"
1,5,"[0, 2, 2, 2, 1, 0, 1, 3, 3, 0, 2, 0, 3, 1, 3]","{0: [0], 1: [1, 1], 2: [0, 1, 0], 3: [0, 1, 0, 1]}","[0.2967396323270139, 0.2994089384287623, 0.2994089384287623, 0.2994089384287623, 0.2994089384287623]",0.2967396323270139,0.2994089384287623,0.2994089384287623,0.2994089384287623,0.2994089384287623,40,"(12.0, 41.0, 43.0, 43.0, 42.0)"
2,5,"[1, 3, 2, 0, 0, 0, 0, 1, 1, 3, 2, 2, 0, 2, 3]","{0: [1], 1: [1, 1], 2: [1, 0, 0], 3: [1, 0, 0, 0]}","[0.150911026092862, 0.2967396323270139, 0.21837756383506662, 0.300749573479958, 0.245457401410121]",0.150911026092862,0.2967396323270139,0.21837756383506662,0.300749573479958,0.245457401410121,80,"(70.0, 45.0, 100.0, 27.0, 94.0)"
3,5,"[3, 0, 2, 1, 1, 1, 0, 3, 3, 2, 3, 3, 3, 1, 3]","{0: [1], 1: [1, 1], 2: [1, 0, 1], 3: [0, 1, 1, 1]}","[0.07395090419119171, 0.2797748805989118, 0.3227472240939291, 0.2914487096290633, 0.300749573479958]",0.07395090419119171,0.2797748805989118,0.3227472240939291,0.2914487096290633,0.300749573479958,60,"(82.0, 68.0, 5.0, 54.0, 30.0)"
4,5,"[0, 3, 2, 3, 2, 2, 1, 3, 3, 2, 0, 3, 0, 2, 0]","{0: [1], 1: [0, 0], 2: [1, 1, 0], 3: [1, 1, 0, 0]}","[0.0011803608507307108, 0.33413726984341724, 0.27595403249788275, 0.30479547799070006, 0.2671743459652642]",0.0011803608507307108,0.33413726984341724,0.27595403249788275,0.30479547799070006,0.2671743459652642,40,"(102.0, 2.0, 67.0, 20.0, 78.0)"
5,5,"[3, 1, 0, 0, 3, 1, 1, 1, 1, 1, 2, 0, 3, 2, 2]","{0: [0], 1: [1, 1], 2: [1, 1, 0], 3: [0, 0, 0, 1]}","[0.25017760797798727, 0.30615213243440703, 0.2684170153551299, 0.22605849486328977, 0.24899193408820353]",0.25017760797798727,0.30615213243440703,0.2684170153551299,0.22605849486328977,0.24899193408820353,40,"(37.0, 23.0, 78.0, 96.0, 91.0)"
6,5,"[1, 0, 3, 3, 0, 0, 3, 3, 3, 0, 1, 1, 1, 3, 1]","{0: [0], 1: [1, 0], 2: [1, 0, 1], 3: [0, 1, 0, 0]}","[0.2994089384287623, 0.2994089384287623, 0.2994089384287623, 0.2994089384287623, 0.2994089384287623]",0.2994089384287623,0.2994089384287623,0.2994089384287623,0.2994089384287623,0.2994089384287623,20,"(11.0, 41.0, 43.0, 43.0, 42.0)"
7,5,"[3, 0, 3, 2, 0, 1, 0, 2, 1, 2, 1, 2, 3, 3, 1]","{0: [1], 1: [1, 0], 2: [1, 1, 1], 3: [0, 1, 1, 1]}","[0.2442867003601084, 0.22055406846897074, 0.28234160669315744, 0.2734262250836617, 0.19436837245391247]",0.2442867003601084,0.22055406846897074,0.28234160669315744,0.2734262250836617,0.19436837245391247,60,"(43.0, 99.0, 62.0, 75.0, 101.0)"
8,5,"[3, 2, 2, 0, 3, 3, 0, 2, 3, 0, 2, 2, 3, 2, 0]","{0: [0], 1: [1, 1], 2: [1, 1, 0], 3: [0, 1, 0, 1]}","[0.15867068246527752, 0.3185436231134769, 0.31576159852455576, 0.2647005252119971, 0.3088775064099447]",0.15867068246527752,0.3185436231134769,0.31576159852455576,0.2647005252119971,0.3088775064099447,40,"(67.0, 12.0, 15.0, 83.0, 22.0)"
9,5,"[3, 2, 3, 2, 3, 1, 2, 2, 3, 3, 2, 1, 1, 0, 0]","{0: [1], 1: [1, 1], 2: [1, 1, 1], 3: [0, 1, 0, 0]}","[0.23391745283746496, 0.1740448920601608, 0.21729470185935862, 0.28492398350792647, 0.2721681309335236]",0.23391745283746496,0.1740448920601608,0.21729470185935862,0.28492398350792647,0.2721681309335236,80,"(49.0, 101.0, 101.0, 67.0, 73.0)"
10,5,"[2, 2, 0, 1, 1, 1, 0, 1, 3, 1, 3, 2, 3, 1, 2]","{0: [1], 1: [0, 1], 2: [0, 1, 0], 3: [0, 1, 1, 1]}","[0.196382536540322, 0.294086238583974, 0.28105629027913037, 0.27595403249788275, 0.24079694348960193]",0.196382536540322,0.294086238583974,0.28105629027913037,0.27595403249788275,0.24079694348960193,40,"(57.0, 49.0, 64.0, 74.0, 95.0)"
11,5,"[0, 0, 0, 2, 3, 1, 0, 0, 0, 3, 1, 3, 2, 2, 1]","{0: [0], 1: [0, 1], 2: [1, 0, 1], 3: [1, 0, 1, 1]}","[0.24899193408820353, 0.34579218857732336, 0.32134194062573906, 0.28492398350792647, 0.2709139018929371]",0.24899193408820353,0.34579218857732336,0.32134194062573906,0.28492398350792647,0.2709139018929371,40,"(38.0, 1.0, 6.0, 67.0, 75.0)"
12,5,"[1, 1, 3, 2, 2, 0, 2, 3, 3, 2, 3, 0, 2, 3, 1]","{0: [1], 1: [1, 0], 2: [0, 1, 0], 3: [0, 1, 0, 1]}","[0.06632470113211347, 0.32134194062573906, 0.31576159852455576, 0.26593551789966074, 0.3413903609937695]",0.06632470113211347,0.32134194062573906,0.31576159852455576,0.26593551789966074,0.3413903609937695,100,"(85.0, 11.0, 15.0, 82.0, 2.0)"
13,5,"[2, 1, 2, 3, 0, 1, 0, 0, 1, 3, 0, 1, 2, 0, 0]","{0: [0], 1: [1, 0], 2: [1, 1, 1], 3: [0, 1, 1, 1]}","[0.26593551789966074, 0.26101849995342097, 0.2954109493838166, 0.31024623783442024, 0.20561856367401346]",0.26593551789966074,0.26101849995342097,0.2954109493838166,0.31024623783442024,0.20561856367401346,80,"(26.0, 84.0, 47.0, 14.0, 100.0)"
14,5,"[0, 1, 1, 1, 2, 3, 0, 1, 2, 1, 0, 2, 3, 2, 3]","{0: [0], 1: [0, 1], 2: [1, 1, 1], 3: [1, 0, 1, 0]}","[0.11517458788544423, 0.3241565986319215, 0.2875220586137977, 0.23278376764431305, 0.2980722933598883]",0.11517458788544423,0.3241565986319215,0.2875220586137977,0.23278376764431305,0.2980722933598883,40,"(76.0, 6.0, 54.0, 95.0, 45.0)"
15,5,"[0, 1, 3, 3, 0, 0, 0, 1, 2, 3, 1, 3, 2, 1, 3]","{0: [0], 1: [1, 0], 2: [0, 1, 0], 3: [0, 1, 1, 1]}","[0.17874855695019953, 0.2709139018929371, 0.26966353201558, 0.300749573479958, 0.26966353201558]",0.17874855695019953,0.2709139018929371,0.26966353201558,0.300749573479958,0.26966353201558,80,"(62.0, 76.0, 77.0, 27.0, 76.0)"
16,5,"[2, 1, 3, 0, 2, 3, 3, 0, 3, 3, 2, 2, 3, 1, 0]","{0: [0], 1: [0, 1], 2: [0, 1, 1], 3: [1, 0, 1, 0]}","[0.137748373711302, 0.2927654939811637, 0.31024623783442024, 0.2927654939811637, 0.3284093281279372]",0.137748373711302,0.2927654939811637,0.31024623783442024,0.2927654939811637,0.3284093281279372,100,"(72.0, 52.0, 20.0, 52.0, 6.0)"
17,5,"[3, 1, 1, 2, 0, 1, 2, 2, 2, 2, 2, 3, 0, 3, 2]","{0: [0], 1: [1, 1], 2: [0, 1, 1], 3: [0, 0, 0, 1]}","[0.245457401410121, 0.2901358795813504, 0.32698764470260316, 0.31161900681179666, 0.3129958192883965]",0.245457401410121,0.2901358795813504,0.32698764470260316,0.31161900681179666,0.3129958192883965,60,"(42.0, 57.0, 3.0, 13.0, 20.0)"
18,5,"[2, 0, 2, 2, 2, 3, 2, 2, 1, 2, 3, 0, 1, 0, 0]","{0: [1], 1: [0, 0], 2: [1, 0, 1], 3: [1, 1, 0, 0]}","[0.274688190289674, 0.3075128065920478, 0.31576159852455576, 0.2927654939811637, 0.2967396323270139]",0.274688190289674,0.3075128065920478,0.31576159852455576,0.2927654939811637,0.2967396323270139,60,"(22.0, 22.0, 15.0, 52.0, 46.0)"
19,5,"[0, 2, 2, 3, 1, 1, 0, 1, 2, 0, 2, 0, 1, 2, 2]","{0: [0], 1: [1, 1], 2: [1, 0, 1], 3: [0, 0, 0, 0]}","[0.2994089384287623, 0.2994089384287623, 0.2994089384287623, 0.2994089384287623, 0.2994089384287623]",0.2994089384287623,0.2994089384287623,0.2994089384287623,0.2994089384287623,0.2994089384287623,20,"(11.0, 41.0, 43.0, 43.0, 42.0)"
20,5,"[2, 3, 0, 1, 2, 2, 3, 2, 2, 1, 1, 2, 1, 2, 1]","{0: [0], 1: [1, 0], 2: [1, 1, 1], 3: [1, 1, 1, 0]}","[0.11028905868940617, 0.30209420445979795, 0.2862210558013131, 0.2836308357873154, 0.31437668121054196]",0.11028905868940617,0.30209420445979795,0.2862210558013131,0.2836308357873154,0.31437668121054196,100,"(78.0, 28.0, 56.0, 68.0, 16.0)"
21,5,"[2, 1, 1, 3, 2, 0, 2, 2, 3, 0, 2, 3, 0, 2, 0]","{0: [0], 1: [1, 1], 2: [0, 0, 1], 3: [1, 1, 1, 1]}","[0.24311972765423262, 0.26346936195595083, 0.24899193408820353, 0.2862210558013131, 0.3129958192883965]",0.24311972765423262,0.26346936195595083,0.24899193408820353,0.2862210558013131,0.3129958192883965,100,"(44.0, 81.0, 89.0, 62.0, 20.0)"
22,5,"[1, 3, 2, 3, 2, 2, 0, 1, 3, 0, 1, 0, 2, 1, 0]","{0: [0], 1: [0, 1], 2: [0, 0, 1], 3: [1, 1, 1, 0]}","[0.2994089384287623, 0.3034428373146045, 0.3075128065920478, 0.21299905081729792, 0.2734262250836617]",0.2994089384287623,0.3034428373146045,0.3075128065920478,0.21299905081729792,0.2734262250836617,60,"(11.0, 27.0, 25.0, 98.0, 72.0)"
23,5,"[0, 1, 3, 1, 2, 0, 2, 3, 0, 3, 0, 3, 1, 2, 0]","{0: [1], 1: [1, 0], 2: [1, 1, 1], 3: [1, 1, 1, 0]}","[0.258582884321492, 0.3284093281279372, 0.3384766610419049, 0.2980722933598883, 0.3171505771767599]",0.258582884321492,0.3284093281279372,0.3384766610419049,0.2980722933598883,0.3171505771767599,60,"(30.0, 4.0, 1.0, 46.0, 13.0)"
24,5,"[2, 1, 3, 1, 2, 0, 1, 2, 3, 1, 2, 1, 2, 2, 2]","{0: [1], 1: [0, 0], 2: [1, 0, 1], 3: [1, 0, 0, 0]}","[0.11028905868940617, 0.2914487096290633, 0.2721681309335236, 0.23278376764431305, 0.28492398350792647]",0.11028905868940617,0.2914487096290633,0.2721681309335236,0.23278376764431305,0.28492398350792647,40,"(78.0, 56.0, 76.0, 95.0, 57.0)"
25,5,"[1, 3, 2, 1, 0, 0, 3, 2, 0, 0, 0, 3, 0, 2, 2]","{0: [0], 1: [1, 1], 2: [1, 1, 0], 3: [1, 0, 0, 0]}","[0.0008768209139357376, 0.3088775064099447, 0.274688190289674, 0.26966353201558, 0.30615213243440703]",0.0008768209139357376,0.3088775064099447,0.274688190289674,0.26966353201558,0.30615213243440703,40,"(103.0, 18.0, 71.0, 78.0, 24.0)"
26,5,"[3, 1, 0, 1, 2, 3, 1, 3, 2, 3, 2, 0, 3, 3, 0]","{0: [0], 1: [0, 0], 2: [0, 1, 1], 3: [1, 0, 0, 1]}","[0.26101849995342097, 0.2980722933598883, 0.25979878931429257, 0.2622420221851996, 0.2647005252119971]",0.26101849995342097,0.2980722933598883,0.25979878931429257,0.2622420221851996,0.2647005252119971,40,"(27.0, 43.0, 85.0, 84.0, 80.0)"
27,5,"[2, 2, 2, 1, 2, 1, 3, 2, 2, 1, 1, 0, 0, 3, 0]","{0: [1], 1: [0, 1], 2: [0, 0, 1], 3: [0, 1, 0, 1]}","[0.2478100123278462, 0.32134194062573906, 0.300749573479958, 0.28492398350792647, 0.19336647560382939]",0.2478100123278462,0.32134194062573906,0.300749573479958,0.28492398350792647,0.19336647560382939,40,"(39.0, 11.0, 29.0, 67.0, 102.0)"
28,5,"[2, 1, 1, 2, 3, 2, 0, 1, 0, 1, 0, 3, 3, 0, 3]","{0: [0], 1: [0, 0], 2: [0, 0, 0], 3: [0, 1, 1, 1]}","[0.2914487096290633, 0.2994089384287623, 0.2994089384287623, 0.2994089384287623, 0.2994089384287623]",0.2914487096290633,0.2994089384287623,0.2994089384287623,0.2994089384287623,0.2994089384287623,40,"(13.0, 41.0, 43.0, 43.0, 42.0)"
29,5,"[2, 1, 3, 2, 1, 1, 3, 2, 3, 2, 1, 0, 3, 2, 1]","{0: [1], 1: [1, 0], 2: [0, 1, 0], 3: [1, 0, 1, 1]}","[0.12240107419838218, 0.3075128065920478, 0.2734262250836617, 0.3185436231134769, 0.31576159852455576]",0.12240107419838218,0.3075128065920478,0.2734262250836617,0.3185436231134769,0.31576159852455576,80,"(74.0, 22.0, 74.0, 10.0, 15.0)"
30,5,"[3, 2, 1, 0, 3, 0, 1, 1, 3, 3, 0, 2, 1, 1, 3]","{0: [1], 1: [1, 1], 2: [1, 0, 0], 3: [1, 1, 0, 1]}","[0.1613151398768231, 0.258582884321492, 0.30615213243440703, 0.28105629027913037, 0.3129958192883965]",0.1613151398768231,0.258582884321492,0.30615213243440703,0.28105629027913037,0.3129958192883965,100,"(65.0, 87.0, 27.0, 70.0, 20.0)"
31,5,"[3, 1, 3, 3, 0, 2, 0, 3, 2, 1, 3, 3, 3, 0, 0]","{0: [0], 1: [0, 1], 2: [0, 1, 1], 3: [1, 1, 1, 0]}","[0.1526130142002628, 0.2836308357873154, 0.24079694348960193, 0.27595403249788275, 0.22605849486328977]",0.1526130142002628,0.2836308357873154,0.24079694348960193,0.27595403249788275,0.22605849486328977,40,"(69.0, 63.0, 96.0, 74.0, 98.0)"
32,5,"[3, 3, 2, 0, 0, 0, 3, 1, 1, 0, 3, 2, 0, 1, 1]","{0: [0], 1: [0, 1], 2: [1, 0, 0], 3: [1, 1, 1, 1]}","[0.1913730225582947, 0.245457401410121, 0.28105629027913037, 0.2901358795813504, 0.2478100123278462]",0.1913730225582947,0.245457401410121,0.28105629027913037,0.2901358795813504,0.2478100123278462,80,"(58.0, 93.0, 64.0, 56.0, 93.0)"
33,5,"[2, 1, 0, 2, 3, 3, 2, 2, 1, 1, 0, 2, 1, 2, 3]","{0: [0], 1: [0, 1], 2: [1, 0, 1], 3: [1, 0, 0, 1]}","[0.13536889631797744, 0.2875220586137977, 0.2466318367505928, 0.2914487096290633, 0.274688190289674]",0.13536889631797744,0.2875220586137977,0.2466318367505928,0.2914487096290633,0.274688190289674,80,"(73.0, 60.0, 91.0, 54.0, 71.0)"
34,5,"[2, 3, 0, 2, 0, 3, 3, 2, 1, 1, 2, 0, 3, 0, 0]","{0: [1], 1: [1, 1], 2: [1, 1, 1], 3: [1, 0, 0, 0]}","[0.06780584381710522, 0.2797748805989118, 0.2967396323270139, 0.3185436231134769, 0.31576159852455576]",0.06780584381710522,0.2797748805989118,0.2967396323270139,0.3185436231134769,0.31576159852455576,80,"(84.0, 68.0, 46.0, 10.0, 15.0)"
35,5,"[1, 3, 2, 0, 1, 1, 0, 3, 2, 3, 3, 1, 1, 2, 3]","{0: [1], 1: [0, 0], 2: [0, 1, 1], 3: [1, 0, 0, 0]}","[0.2721681309335236, 0.26593551789966074, 0.28234160669315744, 0.30209420445979795, 0.258582884321492]",0.2721681309335236,0.26593551789966074,0.28234160669315744,0.30209420445979795,0.258582884321492,80,"(23.0, 78.0, 62.0, 23.0, 87.0)"
36,5,"[3, 1, 0, 0, 2, 3, 1, 0, 2, 3, 1, 1, 3, 1, 3]","{0: [0], 1: [0, 1], 2: [1, 1, 1], 3: [1, 1, 1, 0]}","[0.2994089384287623, 0.2994089384287623, 0.2994089384287623, 0.2573707790286969, 0.30209420445979795]",0.2994089384287623,0.2994089384287623,0.2994089384287623,0.2573707790286969,0.30209420445979795,100,"(11.0, 41.0, 43.0, 88.0, 28.0)"
37,5,"[0, 1, 1, 1, 3, 1, 2, 0, 1, 1, 3, 3, 1, 3, 2]","{0: [1], 1: [0, 1], 2: [0, 0, 0], 3: [1, 0, 0, 1]}","[0.24079694348960193, 0.2734262250836617, 0.2994089384287623, 0.2994089384287623, 0.2862210558013131]",0.24079694348960193,0.2734262250836617,0.2994089384287623,0.2994089384287623,0.2862210558013131,60,"(45.0, 72.0, 43.0, 43.0, 54.0)"
38,5,"[1, 1, 1, 2, 1, 3, 1, 1, 0, 0, 2, 2, 2, 2, 2]","{0: [0], 1: [0, 0], 2: [1, 0, 0], 3: [0, 1, 1, 1]}","[0.18257192728297456, 0.28105629027913037, 0.2442867003601084, 0.2994089384287623, 0.2709139018929371]",0.18257192728297456,0.28105629027913037,0.2442867003601084,0.2994089384287623,0.2709139018929371,80,"(60.0, 65.0, 93.0, 43.0, 75.0)"
39,5,"[3, 3, 1, 3, 1, 3, 0, 0, 3, 3, 3, 1, 3, 3, 3]","{0: [0], 1: [1, 1], 2: [0, 1, 0], 3: [1, 0, 1, 1]}","[0.27595403249788275, 0.24311972765423262, 0.25616246748958493, 0.300749573479958, 0.26101849995342097]",0.27595403249788275,0.24311972765423262,0.25616246748958493,0.300749573479958,0.26101849995342097,80,"(20.0, 95.0, 86.0, 27.0, 84.0)"
40,5,"[2, 2, 2, 0, 1, 3, 2, 0, 3, 1, 3, 2, 3, 0, 3]","{0: [1], 1: [1, 1], 2: [0, 1, 1], 3: [0, 0, 1, 0]}","[0.2466318367505928, 0.24311972765423262, 0.2734262250836617, 0.30209420445979795, 0.2914487096290633]",0.2466318367505928,0.24311972765423262,0.2734262250836617,0.30209420445979795,0.2914487096290633,80,"(41.0, 95.0, 74.0, 23.0, 52.0)"
41,5,"[1, 3, 3, 0, 3, 2, 3, 0, 1, 2, 3, 0, 0, 1, 0]","{0: [1], 1: [1, 0], 2: [1, 0, 0], 3: [0, 1, 1, 1]}","[0.2862210558013131, 0.3298351264083632, 0.33126504549020364, 0.2875220586137977, 0.3284093281279372]",0.2862210558013131,0.3298351264083632,0.33126504549020364,0.2875220586137977,0.3284093281279372,60,"(14.0, 3.0, 2.0, 59.0, 6.0)"
42,5,"[0, 3, 1, 3, 3, 0, 0, 1, 1, 2, 0, 1, 1, 0, 1]","{0: [1], 1: [1, 0], 2: [1, 0, 1], 3: [0, 1, 0, 0]}","[0.03402101636669045, 0.26346936195595083, 0.31576159852455576, 0.2549579437578336, 0.2797748805989118]",0.03402101636669045,0.26346936195595083,0.31576159852455576,0.2549579437578336,0.2797748805989118,60,"(91.0, 81.0, 15.0, 89.0, 62.0)"
43,5,"[3, 2, 1, 0, 3, 3, 0, 1, 3, 2, 0, 2, 2, 1, 0]","{0: [0], 1: [1, 0], 2: [1, 1, 0], 3: [0, 1, 1, 1]}","[0.2573707790286969, 0.32134194062573906, 0.2875220586137977, 0.2994089384287623, 0.2525602359311233]",0.2573707790286969,0.32134194062573906,0.2875220586137977,0.2994089384287623,0.2525602359311233,40,"(31.0, 11.0, 54.0, 43.0, 90.0)"
44,5,"[2, 3, 0, 3, 1, 1, 1, 2, 0, 0, 3, 3, 3, 0, 1]","{0: [1], 1: [0, 0], 2: [1, 1, 0], 3: [0, 0, 1, 0]}","[0.2994089384287623, 0.2994089384287623, 0.2994089384287623, 0.2994089384287623, 0.2994089384287623]",0.2994089384287623,0.2994089384287623,0.2994089384287623,0.2994089384287623,0.2994089384287623,20,"(11.0, 41.0, 43.0, 43.0, 42.0)"
45,5,"[3, 2, 0, 0, 2, 3, 1, 0, 3, 1, 0, 1, 2, 2, 2]","{0: [1], 1: [0, 0], 2: [0, 0, 0], 3: [1, 1, 0, 1]}","[0.06295292127987767, 0.2862210558013131, 0.2772237576546104, 0.26966353201558, 0.31994074228102914]",0.06295292127987767,0.2862210558013131,0.2772237576546104,0.26966353201558,0.31994074228102914,100,"(86.0, 61.0, 66.0, 78.0, 11.0)"
46,5,"[0, 0, 2, 2, 3, 1, 0, 2, 2, 3, 1, 0, 0, 0, 1]","{0: [1], 1: [0, 1], 2: [0, 0, 1], 3: [1, 1, 1, 0]}","[0.014753753469083239, 0.24195647734617126, 0.28234160669315744, 0.258582884321492, 0.28492398350792647]",0.014753753469083239,0.24195647734617126,0.28234160669315744,0.258582884321492,0.28492398350792647,100,"(95.0, 96.0, 62.0, 87.0, 57.0)"
47,5,"[0, 1, 3, 1, 0, 3, 2, 3, 3, 1, 3, 0, 3, 2, 2]","{0: [1], 1: [1, 1], 2: [1, 1, 1], 3: [1, 0, 0, 1]}","[0.1526130142002628, 0.31024623783442024, 0.31994074228102914, 0.294086238583974, 0.3129958192883965]",0.1526130142002628,0.31024623783442024,0.31994074228102914,0.294086238583974,0.3129958192883965,60,"(69.0, 16.0, 7.0, 50.0, 20.0)"
48,5,"[0, 1, 1, 2, 2, 2, 2, 3, 0, 3, 0, 3, 2, 3, 3]","{0: [1], 1: [1, 0], 2: [1, 0, 1], 3: [0, 0, 0, 1]}","[0.055244276425115015, 0.25979878931429257, 0.30615213243440703, 0.30615213243440703, 0.2914487096290633]",0.055244276425115015,0.25979878931429257,0.30615213243440703,0.30615213243440703,0.2914487096290633,60,"(87.0, 86.0, 27.0, 18.0, 52.0)"
49,5,"[2, 0, 2, 1, 0, 3, 2, 0, 2, 2, 0, 2, 2, 0, 2]","{0: [0], 1: [0, 1], 2: [1, 0, 1], 3: [0, 0, 0, 1]}","[0.011901553356508854, 0.3241565986319215, 0.25017760797798727, 0.2967396323270139, 0.22274498698834155]",0.011901553356508854,0.3241565986319215,0.25017760797798727,0.2967396323270139,0.22274498698834155,40,"(97.0, 6.0, 88.0, 47.0, 99.0)"
50,5,"[2, 2, 0, 0, 1, 0, 2, 1, 3, 0, 1, 0, 0, 0, 2]","{0: [0], 1: [1, 1], 2: [1, 1, 0], 3: [1, 1, 1, 1]}","[0.23734058116562218, 0.28234160669315744, 0.3129958192883965, 0.2862210558013131, 0.31161900681179666]",0.23734058116562218,0.28234160669315744,0.3129958192883965,0.2862210558013131,0.31161900681179666,60,"(47.0, 64.0, 19.0, 62.0, 21.0)"
51,5,"[1, 2, 1, 0, 1, 1, 2, 1, 1, 0, 0, 3, 1, 0, 1]","{0: [1], 1: [1, 0], 2: [0, 0, 0], 3: [1, 0, 1, 1]}","[0.22274498698834155, 0.2784973717061793, 0.2914487096290633, 0.2994089384287623, 0.300749573479958]",0.22274498698834155,0.2784973717061793,0.2914487096290633,0.2994089384287623,0.300749573479958,100,"(52.0, 69.0, 49.0, 43.0, 30.0)"
52,5,"[1, 0, 2, 3, 0, 1, 0, 0, 2, 1, 2, 2, 1, 2, 0]","{0: [1], 1: [1, 1], 2: [0, 0, 1], 3: [0, 0, 1, 0]}","[0.2140676059413422, 0.25017760797798727, 0.2836308357873154, 0.2888269978917027, 0.3227472240939291]",0.2140676059413422,0.25017760797798727,0.2836308357873154,0.2888269978917027,0.3227472240939291,100,"(53.0, 92.0, 57.0, 58.0, 9.0)"
53,5,"[2, 2, 2, 3, 2, 3, 0, 3, 1, 1, 2, 2, 2, 3, 0]","{0: [0], 1: [1, 0], 2: [1, 0, 0], 3: [0, 0, 0, 0]}","[0.2994089384287623, 0.2994089384287623, 0.2994089384287623, 0.2994089384287623, 0.2994089384287623]",0.2994089384287623,0.2994089384287623,0.2994089384287623,0.2994089384287623,0.2994089384287623,20,"(11.0, 41.0, 43.0, 43.0, 42.0)"
54,5,"[1, 1, 3, 3, 1, 2, 2, 0, 0, 0, 1, 1, 1, 3, 3]","{0: [0], 1: [1, 0], 2: [1, 0, 0], 3: [0, 0, 0, 1]}","[0.10891902402927409, 0.3171505771767599, 0.2442867003601084, 0.28492398350792647, 0.28492398350792647]",0.10891902402927409,0.3171505771767599,0.2442867003601084,0.28492398350792647,0.28492398350792647,40,"(79.0, 13.0, 93.0, 67.0, 57.0)"
55,5,"[0, 3, 1, 2, 0, 1, 2, 1, 0, 2, 0, 0, 1, 0, 3]","{0: [1], 1: [0, 0], 2: [1, 0, 0], 3: [1, 1, 0, 1]}","[0.2525602359311233, 0.2513670399435197, 0.2862210558013131, 0.2478100123278462, 0.2384890013456497]",0.2525602359311233,0.2513670399435197,0.2862210558013131,0.2478100123278462,0.2384890013456497,60,"(33.0, 91.0, 56.0, 91.0, 96.0)"
56,5,"[0, 3, 0, 0, 2, 0, 0, 3, 2, 0, 3, 2, 2, 3, 3]","{0: [1], 1: [0, 0], 2: [1, 0, 1], 3: [1, 0, 1, 1]}","[0.19739481566929323, 0.2647005252119971, 0.2994089384287623, 0.245457401410121, 0.274688190289674]",0.19739481566929323,0.2647005252119971,0.2994089384287623,0.245457401410121,0.274688190289674,60,"(56.0, 79.0, 43.0, 92.0, 71.0)"
57,5,"[3, 0, 1, 1, 3, 3, 3, 1, 0, 0, 0, 0, 0, 0, 0]","{0: [1], 1: [0, 0], 2: [1, 0, 1], 3: [1, 0, 1, 1]}","[0.2513670399435197, 0.2721681309335236, 0.2721681309335236, 0.2994089384287623, 0.2954109493838166]",0.2513670399435197,0.2721681309335236,0.2721681309335236,0.2994089384287623,0.2954109493838166,80,"(36.0, 73.0, 76.0, 43.0, 48.0)"
58,5,"[2, 2, 1, 2, 1, 2, 2, 2, 3, 2, 3, 0, 1, 2, 3]","{0: [1], 1: [1, 1], 2: [1, 1, 1], 3: [0, 1, 1, 0]}","[0.25979878931429257, 0.274688190289674, 0.274688190289674, 0.16488656453005004, 0.2622420221851996]",0.25979878931429257,0.274688190289674,0.274688190289674,0.16488656453005004,0.2622420221851996,40,"(28.0, 71.0, 71.0, 101.0, 82.0)"
59,5,"[3, 3, 1, 3, 0, 2, 3, 0, 3, 1, 1, 0, 0, 1, 3]","{0: [0], 1: [0, 0], 2: [0, 0, 0], 3: [0, 1, 1, 0]}","[0.2994089384287623, 0.0013553958054683501, 0.0013190925162404, 0.0013190925162404, 0.0013190925162404]",0.2994089384287623,0.0013553958054683501,0.0013190925162404,0.0013190925162404,0.0013190925162404,20,"(11.0, 103.0, 103.0, 103.0, 103.0)"
60,5,"[1, 3, 0, 2, 0, 3, 2, 1, 1, 1, 0, 2, 2, 2, 3]","{0: [1], 1: [0, 0], 2: [0, 1, 1], 3: [1, 1, 1, 1]}","[0.23964112013820227, 0.30479547799070006, 0.22055406846897074, 0.2888269978917027, 0.27595403249788275]",0.23964112013820227,0.30479547799070006,0.22055406846897074,0.2888269978917027,0.27595403249788275,40,"(46.0, 25.0, 99.0, 58.0, 68.0)"
61,5,"[2, 1, 1, 3, 3, 2, 3, 2, 3, 2, 3, 3, 0, 2, 0]","{0: [0], 1: [1, 1], 2: [0, 0, 0], 3: [1, 0, 1, 1]}","[0.08214037263840307, 0.26101849995342097, 0.2927654939811637, 0.300749573479958, 0.2478100123278462]",0.08214037263840307,0.26101849995342097,0.2927654939811637,0.300749573479958,0.2478100123278462,80,"(81.0, 84.0, 48.0, 27.0, 93.0)"
62,5,"[1, 0, 2, 3, 0, 1, 0, 1, 0, 1, 2, 2, 0, 3, 0]","{0: [0], 1: [1, 0], 2: [1, 0, 0], 3: [1, 1, 0, 1]}","[0.04898864121307625, 0.28492398350792647, 0.3171505771767599, 0.32557007018603873, 0.27595403249788275]",0.04898864121307625,0.28492398350792647,0.3171505771767599,0.32557007018603873,0.27595403249788275,80,"(89.0, 62.0, 8.0, 4.0, 68.0)"
63,5,"[1, 3, 3, 2, 0, 2, 2, 1, 1, 1, 2, 2, 3, 0, 1]","{0: [0], 1: [1, 1], 2: [1, 0, 0], 3: [0, 1, 1, 0]}","[0.2549579437578336, 0.2888269978917027, 0.26593551789966074, 0.294086238583974, 0.2622420221851996]",0.2549579437578336,0.2888269978917027,0.26593551789966074,0.294086238583974,0.2622420221851996,80,"(32.0, 59.0, 80.0, 50.0, 82.0)"
64,5,"[0, 1, 3, 0, 0, 1, 1, 3, 3, 0, 1, 0, 0, 0, 0]","{0: [1], 1: [0, 0], 2: [1, 1, 1], 3: [1, 1, 1, 0]}","[0.17311417268905321, 0.3227472240939291, 0.31437668121054196, 0.31437668121054196, 0.3034428373146045]",0.17311417268905321,0.3227472240939291,0.31437668121054196,0.31437668121054196,0.3034428373146045,40,"(64.0, 8.0, 17.0, 11.0, 26.0)"
65,5,"[2, 1, 0, 3, 0, 1, 2, 1, 1, 2, 0, 1, 1, 2, 3]","{0: [1], 1: [1, 0], 2: [0, 0, 0], 3: [1, 1, 1, 0]}","[0.03692636867297708, 0.2549579437578336, 0.23734058116562218, 0.23734058116562218, 0.3171505771767599]",0.03692636867297708,0.2549579437578336,0.23734058116562218,0.23734058116562218,0.3171505771767599,100,"(90.0, 89.0, 97.0, 93.0, 13.0)"
66,5,"[2, 3, 1, 0, 3, 0, 1, 0, 3, 1, 3, 1, 3, 2, 2]","{0: [0], 1: [1, 1], 2: [0, 1, 1], 3: [1, 0, 1, 0]}","[0.26593551789966074, 0.2709139018929371, 0.25979878931429257, 0.18161102437942922, 0.2980722933598883]",0.26593551789966074,0.2709139018929371,0.25979878931429257,0.18161102437942922,0.2980722933598883,100,"(26.0, 76.0, 85.0, 100.0, 45.0)"
67,5,"[1, 0, 2, 1, 0, 2, 1, 2, 2, 3, 3, 3, 0, 1, 3]","{0: [1], 1: [0, 1], 2: [1, 1, 1], 3: [1, 1, 1, 1]}","[0.0964652059810485, 0.31024623783442024, 0.300749573479958, 0.33702604875815684, 0.2772237576546104]",0.0964652059810485,0.31024623783442024,0.300749573479958,0.33702604875815684,0.2772237576546104,80,"(80.0, 16.0, 29.0, 2.0, 66.0)"
68,5,"[1, 0, 3, 3, 1, 0, 1, 0, 0, 3, 2, 3, 3, 0, 0]","{0: [1], 1: [0, 1], 2: [0, 0, 1], 3: [0, 1, 0, 0]}","[0.01585984078898216, 0.3034428373146045, 0.2772237576546104, 0.2684170153551299, 0.2836308357873154]",0.01585984078898216,0.3034428373146045,0.2772237576546104,0.2684170153551299,0.2836308357873154,40,"(94.0, 27.0, 66.0, 81.0, 58.0)"
69,5,"[3, 2, 1, 2, 1, 3, 0, 1, 0, 0, 3, 0, 3, 1, 2]","{0: [0], 1: [1, 1], 2: [1, 0, 0], 3: [1, 0, 1, 0]}","[0.0015469318048306352, 0.2797748805989118, 0.31437668121054196, 0.2980722933598883, 0.2772237576546104]",0.0015469318048306352,0.2797748805989118,0.31437668121054196,0.2980722933598883,0.2772237576546104,60,"(100.0, 68.0, 17.0, 46.0, 66.0)"
70,5,"[1, 3, 0, 0, 0, 3, 3, 3, 0, 2, 3, 3, 1, 0, 1]","{0: [1], 1: [0, 0], 2: [1, 0, 1], 3: [1, 0, 0, 0]}","[0.18161102437942922, 0.25979878931429257, 0.2734262250836617, 0.3185436231134769, 0.2647005252119971]",0.18161102437942922,0.25979878931429257,0.2734262250836617,0.3185436231134769,0.2647005252119971,80,"(61.0, 86.0, 74.0, 10.0, 80.0)"
71,5,"[2, 0, 3, 3, 0, 0, 1, 3, 1, 0, 3, 3, 1, 0, 1]","{0: [1], 1: [0, 0], 2: [0, 1, 0], 3: [0, 0, 0, 1]}","[0.19841056745053862, 0.1577956622959714, 0.31576159852455576, 0.19336647560382939, 0.25979878931429257]",0.19841056745053862,0.1577956622959714,0.31576159852455576,0.19336647560382939,0.25979878931429257,60,"(55.0, 102.0, 15.0, 99.0, 85.0)"
72,5,"[3, 1, 0, 0, 3, 1, 3, 1, 2, 3, 1, 0, 3, 0, 3]","{0: [0], 1: [0, 1], 2: [0, 1, 0], 3: [0, 1, 1, 1]}","[0.2513670399435197, 0.2967396323270139, 0.2994089384287623, 0.2994089384287623, 0.2994089384287623]",0.2513670399435197,0.2967396323270139,0.2994089384287623,0.2994089384287623,0.2994089384287623,60,"(36.0, 45.0, 43.0, 43.0, 42.0)"
73,5,"[3, 3, 1, 2, 3, 0, 1, 3, 0, 1, 0, 2, 2, 1, 2]","{0: [1], 1: [1, 1], 2: [0, 1, 1], 3: [0, 1, 1, 1]}","[0.1835362136439582, 0.2525602359311233, 0.31576159852455576, 0.28105629027913037, 0.2784973717061793]",0.1835362136439582,0.2525602359311233,0.31576159852455576,0.28105629027913037,0.2784973717061793,60,"(59.0, 90.0, 15.0, 70.0, 64.0)"
74,5,"[2, 2, 2, 0, 1, 0, 0, 2, 1, 2, 0, 3, 0, 0, 3]","{0: [0], 1: [0, 1], 2: [0, 1, 1], 3: [1, 0, 0, 1]}","[0.02038679187926251, 0.2954109493838166, 0.2967396323270139, 0.258582884321492, 0.28234160669315744]",0.02038679187926251,0.2954109493838166,0.2967396323270139,0.258582884321492,0.28234160669315744,60,"(92.0, 48.0, 46.0, 87.0, 60.0)"
75,5,"[3, 1, 2, 1, 1, 0, 3, 2, 1, 0, 1, 1, 2, 3, 3]","{0: [1], 1: [1, 0], 2: [0, 1, 0], 3: [0, 0, 0, 1]}","[0.28105629027913037, 0.300749573479958, 0.2888269978917027, 0.2784973717061793, 0.23391745283746496]",0.28105629027913037,0.300749573479958,0.2888269978917027,0.2784973717061793,0.23391745283746496,40,"(18.0, 29.0, 50.0, 72.0, 97.0)"
76,5,"[1, 2, 0, 1, 0, 3, 3, 2, 3, 3, 2, 0, 1, 2, 2]","{0: [0], 1: [0, 0], 2: [0, 1, 0], 3: [0, 0, 1, 1]}","[0.23052739795442567, 0.2994089384287623, 0.2967396323270139, 0.2994089384287623, 0.2994089384287623]",0.23052739795442567,0.2994089384287623,0.2967396323270139,0.2994089384287623,0.2994089384287623,40,"(51.0, 41.0, 46.0, 43.0, 42.0)"
77,5,"[3, 1, 2, 0, 1, 0, 0, 3, 1, 0, 3, 2, 0, 2, 2]","{0: [1], 1: [1, 1], 2: [1, 1, 0], 3: [1, 0, 1, 0]}","[0.2087603893289966, 0.24079694348960193, 0.2478100123278462, 0.3185436231134769, 0.2954109493838166]",0.2087603893289966,0.24079694348960193,0.2478100123278462,0.3185436231134769,0.2954109493838166,80,"(54.0, 97.0, 90.0, 10.0, 48.0)"
78,5,"[0, 0, 2, 0, 0, 1, 1, 2, 2, 0, 3, 2, 1, 2, 1]","{0: [1], 1: [0, 1], 2: [0, 1, 1], 3: [0, 0, 0, 1]}","[0.28492398350792647, 0.2573707790286969, 0.2525602359311233, 0.3129958192883965, 0.274688190289674]",0.28492398350792647,0.2573707790286969,0.2525602359311233,0.3129958192883965,0.274688190289674,80,"(15.0, 88.0, 87.0, 12.0, 71.0)"
79,5,"[2, 0, 2, 0, 1, 1, 0, 3, 2, 2, 3, 0, 0, 2, 0]","{0: [1], 1: [1, 1], 2: [1, 1, 1], 3: [0, 1, 0, 0]}","[0.0032783551991021143, 0.26966353201558, 0.22717025596579984, 0.2684170153551299, 0.2994089384287623]",0.0032783551991021143,0.26966353201558,0.22717025596579984,0.2684170153551299,0.2994089384287623,100,"(99.0, 77.0, 98.0, 81.0, 42.0)"
80,5,"[3, 3, 2, 1, 0, 1, 3, 2, 1, 3, 0, 1, 0, 3, 1]","{0: [1], 1: [1, 1], 2: [1, 1, 1], 3: [1, 0, 1, 0]}","[0.2466318367505928, 0.3227472240939291, 0.3075128065920478, 0.32698764470260316, 0.33126504549020364]",0.2466318367505928,0.3227472240939291,0.3075128065920478,0.32698764470260316,0.33126504549020364,100,"(41.0, 8.0, 25.0, 3.0, 4.0)"
81,5,"[1, 0, 2, 2, 1, 2, 1, 3, 0, 3, 0, 2, 0, 0, 1]","{0: [0], 1: [0, 0], 2: [1, 1, 1], 3: [0, 1, 0, 1]}","[0.11731179426574467, 0.30479547799070006, 0.28234160669315744, 0.25017760797798727, 0.2797748805989118]",0.11731179426574467,0.30479547799070006,0.28234160669315744,0.25017760797798727,0.2797748805989118,40,"(75.0, 25.0, 62.0, 90.0, 62.0)"
82,5,"[0, 1, 1, 2, 0, 3, 1, 0, 1, 3, 2, 0, 1, 2, 2]","{0: [1], 1: [1, 1], 2: [0, 0, 0], 3: [1, 0, 0, 1]}","[0.23278376764431305, 0.2927654939811637, 0.2875220586137977, 0.3088775064099447, 0.2671743459652642]",0.23278376764431305,0.2927654939811637,0.2875220586137977,0.3088775064099447,0.2671743459652642,80,"(50.0, 52.0, 54.0, 16.0, 78.0)"
83,5,"[3, 3, 0, 0, 1, 0, 3, 2, 3, 1, 2, 3, 0, 0, 0]","{0: [1], 1: [1, 1], 2: [0, 0, 0], 3: [0, 1, 0, 1]}","[0.0013190925162404, 0.2914487096290633, 0.274688190289674, 0.2901358795813504, 0.30479547799070006]",0.0013190925162404,0.2914487096290633,0.274688190289674,0.2901358795813504,0.30479547799070006,100,"(101.0, 56.0, 71.0, 56.0, 25.0)"
84,5,"[1, 2, 2, 3, 3, 1, 0, 1, 3, 2, 3, 0, 3, 1, 3]","{0: [1], 1: [1, 1], 2: [1, 1, 1], 3: [0, 0, 0, 1]}","[0.23391745283746496, 0.2914487096290633, 0.26346936195595083, 0.3399314298050017, 0.33126504549020364]",0.23391745283746496,0.2914487096290633,0.26346936195595083,0.3399314298050017,0.33126504549020364,80,"(49.0, 56.0, 82.0, 1.0, 4.0)"
85,5,"[3, 2, 2, 0, 1, 1, 0, 3, 0, 2, 0, 3, 3, 2, 3]","{0: [1], 1: [0, 0], 2: [1, 1, 1], 3: [1, 1, 1, 0]}","[0.052262599106772986, 0.20770958397727832, 0.24195647734617126, 0.2797748805989118, 0.26101849995342097]",0.052262599106772986,0.20770958397727832,0.24195647734617126,0.2797748805989118,0.26101849995342097,80,"(88.0, 100.0, 94.0, 71.0, 84.0)"
86,5,"[0, 1, 2, 1, 2, 0, 1, 2, 0, 2, 3, 1, 1, 0, 3]","{0: [1], 1: [0, 1], 2: [1, 1, 0], 3: [0, 0, 1, 0]}","[0.2797748805989118, 0.2888269978917027, 0.28234160669315744, 0.3088775064099447, 0.28234160669315744]",0.2797748805989118,0.2888269978917027,0.28234160669315744,0.3088775064099447,0.28234160669315744,80,"(19.0, 59.0, 62.0, 16.0, 60.0)"
87,5,"[2, 0, 2, 2, 0, 3, 3, 0, 3, 2, 0, 1, 3, 0, 1]","{0: [1], 1: [1, 0], 2: [0, 1, 0], 3: [1, 0, 0, 1]}","[0.07032313516018437, 0.3075128065920478, 0.2671743459652642, 0.294086238583974, 0.31994074228102914]",0.07032313516018437,0.3075128065920478,0.2671743459652642,0.294086238583974,0.31994074228102914,100,"(83.0, 22.0, 79.0, 50.0, 11.0)"
88,5,"[2, 2, 2, 0, 2, 0, 2, 0, 1, 2, 0, 2, 0, 0, 0]","{0: [0], 1: [0, 0], 2: [0, 1, 1], 3: [0, 0, 0, 0]}","[0.2994089384287623, 0.2994089384287623, 0.2994089384287623, 0.2994089384287623, 0.2994089384287623]",0.2994089384287623,0.2994089384287623,0.2994089384287623,0.2994089384287623,0.2994089384287623,20,"(11.0, 41.0, 43.0, 43.0, 42.0)"
89,5,"[1, 1, 1, 1, 1, 2, 3, 1, 0, 0, 2, 3, 2, 2, 0]","{0: [0], 1: [1, 1], 2: [0, 0, 0], 3: [1, 0, 1, 1]}","[0.01782383178919547, 0.3129958192883965, 0.2875220586137977, 0.2862210558013131, 0.294086238583974]",0.01782383178919547,0.3129958192883965,0.2875220586137977,0.2862210558013131,0.294086238583974,40,"(93.0, 14.0, 54.0, 62.0, 49.0)"
90,5,"[2, 0, 3, 3, 1, 1, 3, 0, 0, 1, 3, 2, 1, 0, 3]","{0: [1], 1: [1, 0], 2: [1, 1, 0], 3: [0, 0, 1, 0]}","[0.16043041530938099, 0.3075128065920478, 0.3088775064099447, 0.2684170153551299, 0.2537572018871206]",0.16043041530938099,0.3075128065920478,0.3088775064099447,0.2684170153551299,0.2537572018871206,60,"(66.0, 22.0, 21.0, 81.0, 89.0)"
91,5,"[1, 3, 2, 0, 2, 2, 0, 1, 1, 2, 3, 1, 0, 0, 1]","{0: [0], 1: [0, 0], 2: [1, 0, 0], 3: [1, 0, 0, 0]}","[0.2836308357873154, 0.2709139018929371, 0.3227472240939291, 0.2249503669637582, 0.2875220586137977]",0.2836308357873154,0.2709139018929371,0.3227472240939291,0.2249503669637582,0.2875220586137977,60,"(16.0, 76.0, 5.0, 97.0, 53.0)"
92,5,"[1, 2, 1, 3, 3, 3, 2, 2, 1, 1, 2, 3, 0, 1, 1]","{0: [0], 1: [1, 0], 2: [1, 1, 1], 3: [0, 1, 0, 0]}","[0.2994089384287623, 0.2994089384287623, 0.2994089384287623, 0.2994089384287623, 0.2994089384287623]",0.2994089384287623,0.2994089384287623,0.2994089384287623,0.2994089384287623,0.2994089384287623,20,"(11.0, 41.0, 43.0, 43.0, 42.0)"
93,5,"[2, 3, 3, 1, 0, 3, 0, 0, 1, 3, 3, 0, 1, 2, 2]","{0: [1], 1: [1, 0], 2: [1, 0, 0], 3: [0, 0, 1, 1]}","[0.14838184408711583, 0.2927654939811637, 0.3075128065920478, 0.31994074228102914, 0.34432073443360794]",0.14838184408711583,0.2927654939811637,0.3075128065920478,0.31994074228102914,0.34432073443360794,100,"(71.0, 52.0, 25.0, 6.0, 1.0)"
94,5,"[3, 3, 0, 1, 2, 2, 1, 0, 0, 0, 0, 1, 3, 0, 3]","{0: [1], 1: [0, 0], 2: [0, 0, 0], 3: [1, 1, 0, 0]}","[0.2684170153551299, 0.3088775064099447, 0.26346936195595083, 0.30479547799070006, 0.2980722933598883]",0.2684170153551299,0.3088775064099447,0.26346936195595083,0.30479547799070006,0.2980722933598883,40,"(24.0, 18.0, 82.0, 20.0, 45.0)"
95,5,"[1, 0, 3, 0, 0, 1, 2, 0, 3, 3, 0, 2, 2, 3, 1]","{0: [1], 1: [1, 0], 2: [0, 0, 1], 3: [0, 0, 0, 1]}","[0.30209420445979795, 0.2772237576546104, 0.25979878931429257, 0.3034428373146045, 0.2784973717061793]",0.30209420445979795,0.2772237576546104,0.25979878931429257,0.3034428373146045,0.2784973717061793,80,"(1.0, 70.0, 85.0, 21.0, 64.0)"
96,5,"[3, 0, 1, 1, 2, 1, 2, 2, 1, 1, 0, 1, 3, 0, 2]","{0: [0], 1: [0, 1], 2: [0, 1, 0], 3: [1, 0, 0, 1]}","[0.012058150747631063, 0.23734058116562218, 0.274688190289674, 0.26101849995342097, 0.258582884321492]",0.012058150747631063,0.23734058116562218,0.274688190289674,0.26101849995342097,0.258582884321492,60,"(96.0, 98.0, 71.0, 85.0, 87.0)"
97,5,"[0, 3, 2, 3, 3, 3, 1, 3, 0, 3, 2, 3, 3, 2, 1]","{0: [0], 1: [0, 0], 2: [0, 0, 0], 3: [1, 1, 0, 1]}","[0.274688190289674, 0.2994089384287623, 0.2994089384287623, 0.3227472240939291, 0.32698764470260316]",0.274688190289674,0.2994089384287623,0.2994089384287623,0.3227472240939291,0.32698764470260316,100,"(22.0, 41.0, 43.0, 5.0, 7.0)"
98,5,"[2, 3, 1, 3, 0, 3, 1, 2, 3, 3, 3, 0, 2, 1, 2]","{0: [0], 1: [0, 0], 2: [0, 1, 0], 3: [0, 1, 0, 1]}","[0.2994089384287623, 0.2994089384287623, 0.0013553958054683501, 0.0013553958054683501, 0.2994089384287623]",0.2994089384287623,0.2994089384287623,0.0013553958054683501,0.0013553958054683501,0.2994089384287623,20,"(11.0, 41.0, 102.0, 102.0, 42.0)"
99,5,"[3, 2, 2, 1, 3, 0, 3, 1, 1, 1, 3, 0, 3, 0, 0]","{0: [0], 1: [1, 0], 2: [0, 1, 1], 3: [1, 0, 1, 1]}","[0.17780112841318377, 0.2914487096290633, 0.3129958192883965, 0.30615213243440703, 0.3075128065920478]",0.17780112841318377,0.2914487096290633,0.3129958192883965,0.30615213243440703,0.3075128065920478,60,"(63.0, 56.0, 19.0, 18.0, 23.0)"
100,5,"[3, 0, 3, 3, 1, 1, 1, 0, 2, 0, 2, 1, 3, 0, 2]","{0: [0], 1: [0, 0], 2: [0, 1, 1], 3: [1, 0, 1, 1]}","[0.01069729621821121, 0.2954109493838166, 0.2994089384287623, 0.2994089384287623, 0.2573707790286969]",0.01069729621821121,0.2954109493838166,0.2994089384287623,0.2994089384287623,0.2573707790286969,60,"(98.0, 48.0, 43.0, 43.0, 88.0)"
101,5,"[3, 2, 3, 1, 2, 1, 1, 0, 0, 3, 2, 2, 2, 3, 0]","{0: [1], 1: [0, 1], 2: [1, 0, 1], 3: [0, 1, 1, 1]}","[0.28105629027913037, 0.2954109493838166, 0.31576159852455576, 0.28492398350792647, 0.30209420445979795]",0.28105629027913037,0.2954109493838166,0.31576159852455576,0.28492398350792647,0.30209420445979795,60,"(18.0, 48.0, 15.0, 67.0, 28.0)"
102,5,"[1, 1, 2, 1, 3, 0, 0, 1, 3, 3, 0, 2, 0, 0, 2]","{0: [0], 1: [0, 0], 2: [1, 1, 0], 3: [1, 0, 0, 1]}","[0.2513670399435197, 0.2980722933598883, 0.3075128065920478, 0.26966353201558, 0.3241565986319215]",0.2513670399435197,0.2980722933598883,0.3075128065920478,0.26966353201558,0.3241565986319215,100,"(36.0, 43.0, 25.0, 78.0, 8.0)"
